4.3144 4.6975 0.67486 2.7819 2.0157 -0.28291 -0.47446 -0.28291 0.67486 -0.47446 -0.28291 -0.47446 -0.28291 -0.47446 0.67486 -0.47446 -0.47446 -0.47446 -0.28291 -0.47446 0.4833 -0.091356 -0.47446 -0.47446 -0.47446 -0.47446 -0.47446 -0.47446 -0.47446 -0.47446 0.29175 0.86641 -0.47446 -0.47446 0.1002 -0.091356 -0.28291 -0.28291 -0.47446 -0.47446 0.1002 -0.28291 -0.47446 -0.28291 -0.47446 -0.47446 -0.28291 -0.47446 -0.28291 -0.47446 -0.091356 0.67486 -0.091356 -0.47446 0.67486 -0.28291 -0.47446 -0.47446 0.1002 -0.091356 -0.28291 -0.28291 -0.47446 -0.47446 -0.47446  0
4.9236 3.9905 0.49164 2.3577 2.8242 -0.20814 -0.4414 -0.4414 0.49164 -0.20814 -0.4414 -0.4414 0.25838 -0.4414 0.25838 -0.4414 -0.20814 -0.4414 -0.20814 -0.4414 0.95816 -0.20814 -0.4414 -0.20814 -0.4414 -0.4414 -0.4414 -0.20814 -0.4414 -0.4414 -0.4414 0.02512 -0.4414 -0.4414 0.25838 -0.4414 0.7249 -0.20814 -0.4414 -0.4414 0.7249 0.02512 -0.4414 -0.4414 -0.4414 -0.4414 -0.20814 -0.4414 -0.20814 -0.4414 -0.20814 0.25838 -0.4414 0.02512 -0.20814 -0.4414 -0.20814 -0.4414 -0.4414 -0.4414 -0.4414 -0.4414 -0.4414 -0.4414 -0.4414  0
3.737 4.374 1.4014 3.1 2.2507 -0.50959 -0.50959 -0.50959 0.97671 -0.29726 -0.50959 -0.29726 0.1274 -0.29726 0.55205 -0.50959 -0.29726 -0.50959 -0.29726 -0.50959 0.1274 -0.084931 -0.50959 -0.50959 -0.50959 -0.50959 -0.50959 -0.084931 -0.50959 -0.50959 0.1274 1.4014 -0.50959 -0.50959 0.33972 -0.29726 1.189 -0.29726 -0.50959 -0.50959 0.1274 0.1274 0.1274 -0.50959 -0.50959 -0.50959 -0.50959 -0.29726 -0.29726 -0.50959 -0.50959 -0.084931 -0.50959 -0.50959 -0.50959 -0.29726 0.1274 -0.50959 -0.50959 -0.084931 -0.29726 -0.50959 -0.50959 -0.50959 -0.29726  0
3.7129 4.6584 -0.069094 1.8219 3.2402 -0.069094 -0.54185 -0.54185 0.64003 0.16728 -0.54185 -0.069094 0.16728 -0.54185 1.3492 -0.54185 -0.54185 -0.54185 -0.54185 -0.54185 0.64003 0.16728 -0.30547 -0.30547 -0.30547 -0.54185 -0.54185 -0.54185 -0.54185 -0.54185 0.40366 -0.069094 -0.30547 -0.54185 0.64003 -0.54185 0.40366 -0.54185 -0.54185 -0.54185 0.87641 0.16728 -0.54185 0.16728 -0.54185 -0.54185 -0.069094 -0.54185 -0.54185 -0.30547 -0.54185 0.64003 -0.54185 -0.54185 -0.069094 -0.54185 -0.30547 -0.54185 -0.069094 -0.30547 -0.30547 -0.54185 -0.30547 0.16728 -0.54185  0
4.6198 4.4121 0.46645 1.2971 2.3354 -0.36421 -0.36421 -0.57188 1.0894 0.25878 -0.36421 -0.15655 -0.15655 -0.36421 1.0894 -0.57188 -0.57188 -0.57188 -0.57188 -0.57188 0.46645 -0.36421 -0.36421 -0.57188 -0.15655 -0.57188 -0.57188 -0.57188 -0.57188 -0.57188 -0.36421 0.46645 -0.57188 -0.57188 1.0894 -0.57188 0.88178 0.051118 -0.57188 -0.57188 0.051118 0.46645 -0.15655 0.25878 -0.57188 -0.15655 -0.36421 -0.36421 -0.36421 -0.57188 -0.36421 0.051118 -0.57188 -0.36421 0.25878 -0.57188 -0.15655 -0.57188 0.67411 0.051118 -0.36421 -0.57188 -0.36421 -0.57188 -0.57188  0
3.9646 5.2781 1.075 1.3377 2.6512 -0.23844 -0.50113 -0.23844 0.81232 0.024248 -0.50113 -0.50113 0.28694 -0.50113 0.54963 -0.50113 -0.23844 -0.50113 -0.50113 -0.50113 0.28694 0.024248 0.024248 -0.23844 -0.50113 -0.50113 -0.50113 -0.23844 -0.50113 -0.50113 0.024248 0.28694 -0.23844 -0.50113 0.28694 0.024248 -0.23844 -0.50113 -0.23844 -0.50113 0.28694 -0.50113 -0.50113 -0.50113 -0.50113 -0.50113 -0.50113 -0.50113 -0.50113 -0.50113 0.024248 0.54963 -0.50113 -0.23844 0.28694 -0.23844 -0.50113 -0.50113 0.024248 0.024248 0.28694 -0.50113 -0.50113 -0.50113 -0.50113  0
3.1335 5.8886 0.77202 1.1656 2.7399 -0.015138 -0.40872 -0.40872 0.18165 -0.40872 -0.40872 -0.21193 -0.015138 -0.40872 0.18165 -0.40872 -0.21193 -0.40872 -0.40872 -0.40872 0.37844 0.57523 -0.40872 -0.40872 -0.21193 -0.40872 -0.40872 -0.40872 -0.40872 -0.40872 -0.40872 -0.21193 -0.40872 -0.40872 1.3624 -0.40872 0.18165 -0.40872 -0.40872 -0.40872 0.18165 -0.21193 -0.40872 -0.40872 -0.40872 -0.40872 -0.40872 -0.40872 -0.015138 -0.40872 -0.21193 0.57523 -0.40872 -0.40872 0.57523 -0.40872 -0.21193 -0.40872 -0.21193 -0.40872 -0.21193 -0.40872 -0.40872 -0.40872 -0.40872  0
4.3941 4.6514 0.27711 0.79173 2.5929 0.27711 -0.23752 -0.49483 0.019793 0.27711 -0.49483 0.019793 -0.49483 -0.49483 1.821 -0.49483 -0.49483 -0.49483 -0.49483 -0.49483 0.53442 0.27711 -0.49483 -0.49483 0.019793 -0.23752 -0.49483 -0.23752 -0.49483 -0.49483 -0.49483 -0.49483 -0.49483 -0.49483 0.79173 -0.49483 0.019793 -0.49483 -0.49483 -0.49483 0.53442 0.019793 -0.49483 -0.23752 -0.49483 -0.49483 0.019793 -0.49483 -0.49483 -0.23752 -0.23752 1.3064 -0.23752 -0.49483 0.53442 -0.49483 -0.23752 -0.49483 -0.49483 -0.23752 0.019793 -0.49483 -0.49483 -0.23752 -0.49483  0
5.3615 3.7 1.0001 1.2078 2.8692 0.7924 -0.45371 -0.038342 0.16934 -0.038342 -0.45371 -0.24603 0.16934 -0.45371 1.2078 -0.45371 -0.24603 -0.45371 -0.45371 0.16934 -0.038342 -0.038342 -0.45371 -0.24603 -0.45371 -0.45371 -0.45371 -0.45371 -0.45371 -0.45371 0.16934 -0.45371 -0.45371 -0.45371 0.16934 -0.45371 0.16934 -0.45371 -0.45371 -0.45371 -0.45371 -0.038342 -0.038342 -0.45371 -0.45371 -0.45371 -0.24603 -0.45371 -0.45371 -0.45371 -0.24603 -0.24603 -0.24603 -0.24603 1.0001 -0.45371 -0.038342 -0.45371 -0.24603 -0.24603 -0.45371 -0.45371 -0.45371 -0.45371 -0.45371  0
5.352 3.8549 0.11228 0.67368 3.1064 -0.074853 -0.074853 -0.44912 0.67368 -0.26199 -0.26199 -0.44912 0.86081 -0.44912 -0.074853 -0.44912 -0.44912 -0.44912 -0.44912 -0.44912 0.48654 -0.074853 -0.074853 0.29941 -0.26199 -0.44912 -0.44912 -0.074853 -0.074853 -0.44912 -0.44912 0.11228 -0.44912 -0.44912 0.67368 -0.26199 0.29941 -0.26199 -0.44912 -0.44912 -0.26199 -0.26199 -0.074853 -0.44912 -0.44912 -0.44912 -0.44912 -0.44912 -0.26199 -0.26199 -0.44912 -0.44912 -0.44912 -0.26199 1.0479 -0.44912 -0.074853 -0.44912 -0.44912 0.11228 -0.44912 -0.44912 -0.44912 -0.44912 -0.44912  0
4.2962 3.6095 1.3205 1.0917 3.3806 -0.052822 -0.51061 -0.51061 0.40497 -0.28172 -0.51061 -0.052822 -0.28172 -0.51061 1.3205 -0.28172 0.17607 -0.51061 -0.51061 -0.51061 1.5494 0.86276 -0.28172 -0.51061 -0.28172 -0.51061 -0.51061 -0.28172 -0.51061 -0.51061 -0.28172 0.17607 -0.51061 -0.51061 0.40497 -0.28172 -0.052822 -0.28172 -0.51061 -0.51061 -0.51061 0.17607 -0.51061 -0.51061 -0.51061 -0.51061 -0.28172 -0.51061 -0.28172 -0.51061 -0.052822 0.17607 -0.28172 -0.51061 1.7783 -0.51061 -0.28172 -0.51061 -0.51061 -0.51061 -0.51061 -0.51061 -0.51061 -0.51061 -0.51061  0
4.4331 3.9588 0.40135 1.8243 1.1128 0.40135 -0.31014 -0.5473 1.1128 0.16419 -0.5473 -0.072973 1.35 -0.5473 3.0102 -0.5473 -0.5473 -0.5473 -0.5473 -0.072973 0.87568 -0.31014 -0.5473 -0.5473 -0.072973 -0.5473 -0.5473 -0.31014 -0.5473 0.40135 -0.31014 -0.31014 -0.5473 -0.5473 -0.31014 -0.31014 -0.31014 -0.5473 -0.5473 -0.5473 0.63852 0.63852 -0.072973 -0.31014 -0.5473 -0.31014 -0.31014 -0.5473 -0.31014 -0.5473 -0.31014 -0.072973 -0.5473 -0.31014 -0.072973 -0.5473 0.16419 -0.5473 -0.31014 -0.5473 -0.072973 -0.5473 -0.5473 -0.5473 -0.5473  0
3.8072 3.5746 0.31846 2.1791 2.6443 -0.37928 -0.37928 -0.37928 1.0162 -0.61186 -0.61186 -0.1467 1.0162 -0.61186 2.8768 -0.61186 -0.61186 -0.61186 -0.61186 -0.37928 1.0162 0.085876 -0.61186 -0.61186 0.55104 -0.61186 -0.61186 -0.1467 1.0162 0.31846 -0.61186 -0.37928 -0.61186 -0.61186 -0.37928 -0.1467 -0.1467 -0.61186 -0.61186 -0.61186 0.31846 -0.1467 0.085876 -0.37928 -0.37928 -0.1467 -0.1467 -0.61186 -0.1467 0.085876 -0.37928 -0.61186 -0.61186 -0.61186 0.55104 -0.37928 0.085876 -0.61186 -0.37928 0.085876 -0.37928 -0.61186 -0.61186 -0.61186 -0.61186  0
4.5522 4.755 0.9017 1.1045 1.7129 0.29329 -0.51793 -0.31513 0.29329 -0.11232 -0.51793 -0.51793 0.9017 -0.51793 1.1045 -0.51793 -0.51793 -0.51793 -0.51793 -0.31513 1.5101 0.29329 -0.51793 -0.31513 -0.31513 -0.51793 -0.51793 -0.51793 -0.51793 0.49609 -0.31513 0.9017 -0.51793 -0.51793 0.29329 -0.51793 -0.31513 -0.11232 -0.51793 -0.51793 0.69889 -0.51793 -0.31513 0.090482 -0.51793 -0.51793 0.090482 -0.51793 -0.11232 -0.51793 -0.31513 0.090482 -0.51793 -0.51793 -0.11232 -0.31513 -0.51793 -0.51793 -0.31513 -0.51793 -0.11232 -0.31513 -0.51793 -0.51793 -0.51793  0
5.3278 3.7567 1.2879 0.83905 1.9612 -0.28314 -0.50757 -0.28314 1.9612 -0.50757 -0.50757 -0.058699 0.16574 -0.50757 0.61461 -0.28314 -0.50757 -0.50757 -0.50757 -0.50757 1.2879 -0.28314 -0.50757 -0.28314 -0.50757 -0.50757 -0.50757 0.61461 -0.50757 -0.50757 -0.058699 0.39017 -0.50757 -0.50757 -0.058699 -0.50757 0.16574 -0.058699 -0.50757 -0.50757 -0.28314 0.16574 -0.28314 -0.28314 -0.28314 -0.50757 -0.50757 -0.50757 -0.50757 -0.058699 -0.28314 0.16574 -0.50757 -0.50757 0.16574 0.16574 -0.28314 -0.50757 -0.50757 -0.058699 -0.058699 -0.28314 -0.50757 -0.50757 -0.50757  0
5.9809 3.225 0.83665 1.3878 1.939 -0.44941 -0.44941 0.10175 -0.081969 -0.26569 -0.44941 -0.081969 -0.081969 -0.44941 1.3878 -0.44941 -0.44941 -0.44941 -0.44941 -0.26569 0.10175 -0.081969 -0.44941 -0.26569 -0.44941 -0.44941 -0.44941 -0.44941 -0.44941 -0.44941 -0.44941 0.10175 -0.44941 -0.44941 0.65292 -0.44941 -0.081969 -0.44941 -0.26569 -0.44941 -0.26569 1.0204 0.28548 -0.26569 -0.26569 -0.081969 -0.26569 -0.44941 -0.44941 -0.44941 -0.26569 0.65292 -0.26569 -0.44941 0.10175 -0.44941 -0.44941 -0.44941 0.28548 -0.44941 -0.081969 -0.44941 -0.44941 -0.44941 -0.44941  0
6.3051 1.9887 0.17126 1.5343 1.9887 -0.2831 -0.51028 -0.2831 1.3072 0.39844 -0.2831 -0.51028 0.39844 -0.51028 0.39844 -0.055921 -0.2831 -0.51028 -0.2831 -0.51028 -0.2831 -0.2831 -0.51028 -0.51028 -0.51028 -0.51028 -0.51028 0.39844 -0.2831 -0.51028 -0.055921 0.17126 -0.51028 -0.2831 -0.055921 -0.51028 0.8528 -0.055921 -0.2831 -0.51028 1.08 -0.2831 -0.51028 0.39844 -0.51028 -0.51028 -0.51028 -0.2831 -0.51028 -0.2831 -0.51028 1.08 -0.51028 -0.055921 0.17126 -0.51028 -0.2831 -0.51028 -0.2831 -0.055921 -0.51028 -0.51028 -0.2831 -0.51028 -0.51028  0
5.0997 3.4656 0.89784 0.89784 2.7653 -0.50279 -0.50279 -0.50279 1.3647 -0.035913 -0.26935 -0.50279 1.5981 -0.26935 0.89784 -0.50279 -0.50279 -0.50279 -0.50279 -0.50279 -0.035913 -0.035913 -0.50279 -0.50279 -0.035913 -0.50279 -0.50279 -0.26935 -0.50279 -0.50279 0.19752 -0.26935 -0.50279 -0.26935 0.43096 -0.50279 1.1313 -0.26935 -0.50279 -0.50279 -0.035913 0.43096 -0.50279 -0.26935 -0.50279 -0.50279 -0.26935 -0.50279 -0.26935 -0.50279 -0.26935 0.89784 -0.26935 -0.26935 -0.26935 -0.26935 -0.50279 -0.50279 -0.26935 -0.50279 -0.26935 -0.50279 -0.50279 -0.50279 -0.50279  0
5.7327 2.8991 0.87501 1.2798 2.4942 -0.13701 -0.54182 0.065392 1.0774 -0.33942 -0.54182 0.065392 0.87501 -0.33942 0.6726 -0.54182 -0.54182 -0.54182 -0.54182 -0.54182 0.87501 0.065392 -0.33942 -0.33942 -0.13701 -0.54182 -0.54182 -0.54182 -0.33942 -0.54182 0.065392 -0.13701 -0.54182 -0.33942 0.4702 -0.54182 0.6726 -0.54182 -0.54182 -0.54182 0.87501 0.065392 -0.54182 -0.33942 -0.54182 -0.54182 -0.54182 -0.54182 -0.13701 0.065392 0.2678 -0.13701 -0.33942 -0.54182 -0.33942 -0.33942 -0.54182 -0.54182 -0.13701 -0.33942 0.065392 -0.33942 -0.54182 -0.54182 -0.54182  0
5.0111 2.8891 0.34278 0.34278 3.5257 0.34278 -0.29381 -0.506 1.1916 0.13058 -0.29381 -0.29381 -0.081613 -0.506 1.6159 -0.506 -0.506 -0.506 -0.506 -0.506 -0.29381 -0.506 -0.506 0.76716 -0.506 -0.506 -0.506 -0.081613 -0.29381 -0.506 -0.506 -0.29381 -0.506 -0.506 -0.081613 -0.506 2.0403 -0.506 -0.29381 -0.506 -0.081613 0.13058 -0.081613 -0.29381 -0.29381 -0.506 0.13058 -0.506 -0.506 -0.081613 0.55497 -0.081613 -0.081613 -0.29381 0.13058 -0.506 -0.29381 -0.506 -0.29381 -0.506 -0.506 -0.506 -0.506 -0.29381 -0.506  0
4.9723 4.4652 0.23926 1.7606 1.9296 -0.4369 -0.4369 -0.098823 0.070216 -0.098823 -0.098823 -0.26786 0.91541 -0.4369 1.7606 -0.4369 -0.4369 -0.4369 -0.4369 -0.4369 0.070216 0.070216 0.070216 -0.4369 -0.26786 -0.4369 -0.4369 -0.4369 -0.4369 -0.4369 -0.26786 -0.26786 -0.4369 -0.26786 0.40829 -0.4369 0.23926 -0.26786 -0.4369 -0.4369 0.23926 0.070216 -0.4369 -0.4369 -0.4369 -0.4369 -0.4369 -0.4369 -0.26786 -0.098823 -0.26786 -0.4369 -0.4369 -0.4369 0.91541 -0.4369 -0.4369 -0.4369 -0.098823 -0.4369 -0.4369 -0.4369 -0.26786 -0.4369 -0.4369  0
5.325 3.6338 0.81523 1.379 2.6943 -0.31222 -0.50012 -0.31222 0.25151 -0.31222 -0.50012 -0.31222 -0.12431 -0.12431 0.62732 -0.50012 -0.50012 -0.50012 -0.50012 -0.50012 0.81523 -0.12431 -0.50012 -0.12431 -0.50012 -0.50012 -0.50012 -0.50012 -0.50012 -0.50012 0.43941 0.0636 -0.50012 -0.50012 0.25151 -0.12431 1.5669 -0.31222 -0.31222 -0.50012 -0.12431 0.81523 -0.12431 -0.50012 -0.50012 -0.12431 -0.50012 -0.50012 -0.50012 -0.31222 -0.12431 -0.12431 -0.50012 -0.31222 -0.31222 -0.50012 -0.31222 -0.31222 -0.50012 0.0636 -0.12431 -0.31222 -0.50012 -0.12431 -0.50012  0
4.6742 5.4006 0.31571 0.49732 1.9502 -0.2291 -0.2291 -0.41071 1.2237 -0.41071 -0.41071 -0.2291 -0.41071 -0.41071 1.0421 -0.41071 -0.41071 -0.41071 -0.2291 -0.2291 0.49732 -0.047497 -0.41071 -0.047497 -0.41071 -0.41071 -0.41071 -0.2291 -0.41071 -0.41071 -0.41071 -0.2291 -0.41071 -0.41071 0.13411 -0.047497 0.13411 -0.41071 -0.41071 -0.41071 0.13411 0.13411 -0.2291 -0.41071 -0.41071 -0.41071 -0.047497 -0.2291 -0.2291 -0.2291 -0.047497 0.13411 -0.41071 -0.2291 -0.047497 -0.41071 -0.2291 -0.2291 -0.41071 -0.2291 -0.41071 -0.41071 -0.41071 -0.41071 -0.2291  0
4.4205 4.777 0.1426 2.638 2.638 -0.21389 -0.39214 -0.39214 0.85558 -0.39214 -0.21389 -0.39214 -0.21389 -0.39214 -0.035649 -0.21389 -0.39214 -0.39214 -0.39214 -0.21389 0.1426 0.67733 -0.39214 -0.39214 -0.39214 -0.39214 -0.39214 -0.39214 -0.21389 -0.39214 -0.21389 -0.39214 -0.39214 -0.39214 -0.035649 -0.035649 0.1426 -0.39214 -0.39214 -0.39214 -0.39214 0.1426 -0.035649 -0.39214 -0.39214 -0.21389 -0.39214 -0.21389 -0.39214 -0.39214 -0.21389 0.49909 -0.39214 -0.39214 -0.035649 -0.39214 -0.21389 -0.39214 -0.39214 -0.39214 -0.39214 -0.035649 -0.39214 -0.39214 -0.39214  0
6.2912 2.5942 0.54033 1.3619 0.95111 -0.48661 -0.075836 -0.075836 0.54033 -0.28123 -0.28123 -0.48661 0.95111 -0.48661 0.95111 -0.48661 -0.48661 -0.48661 -0.28123 -0.075836 1.3619 -0.28123 -0.48661 -0.48661 -0.48661 -0.48661 -0.48661 -0.48661 -0.28123 -0.48661 -0.48661 -0.48661 -0.48661 -0.48661 0.74572 -0.28123 0.54033 -0.28123 -0.48661 -0.48661 0.12955 0.74572 -0.48661 -0.28123 -0.48661 0.12955 -0.28123 -0.48661 -0.48661 -0.48661 0.74572 -0.075836 -0.48661 -0.28123 0.54033 -0.28123 -0.28123 -0.48661 -0.48661 -0.075836 -0.48661 -0.48661 -0.48661 -0.28123 -0.48661  0
2.9407 5.1562 0.12085 0.52368 3.3435 -0.28198 -0.4834 -0.4834 0.92651 -0.4834 -0.28198 0.12085 -0.080566 -0.4834 2.5378 -0.4834 -0.4834 -0.4834 -0.4834 -0.28198 0.92651 0.32226 -0.28198 -0.28198 -0.080566 -0.4834 -0.4834 -0.4834 -0.4834 -0.4834 -0.28198 0.12085 -0.4834 -0.4834 0.32226 -0.28198 0.52368 -0.080566 -0.4834 -0.4834 0.12085 0.52368 -0.4834 -0.28198 -0.4834 -0.28198 -0.28198 -0.4834 -0.080566 -0.4834 0.32226 -0.080566 -0.4834 -0.4834 -0.28198 -0.4834 -0.28198 -0.4834 -0.080566 -0.4834 -0.4834 -0.4834 -0.4834 -0.4834 -0.4834  0
5.3399 4.3714 0.49764 0.30395 2.2409 -0.083436 -0.47082 -0.27713 -0.083436 -0.27713 -0.47082 -0.47082 0.30395 -0.47082 1.2724 -0.27713 -0.27713 -0.47082 -0.47082 -0.47082 0.11025 0.30395 -0.47082 -0.083436 -0.27713 -0.083436 -0.47082 -0.47082 -0.47082 -0.47082 0.49764 0.11025 -0.27713 -0.47082 0.49764 -0.083436 0.30395 -0.47082 -0.27713 -0.47082 -0.27713 0.88502 -0.27713 -0.083436 -0.27713 -0.47082 -0.47082 -0.47082 -0.47082 -0.47082 -0.27713 0.30395 -0.27713 -0.47082 0.49764 -0.47082 -0.47082 -0.27713 -0.47082 -0.47082 -0.083436 -0.47082 -0.47082 -0.47082 -0.47082  0
4.1141 4.3742 -0.30816 1.7729 3.0736 -0.048024 -0.56829 -0.56829 -0.56829 0.47224 -0.56829 -0.56829 0.47224 -0.56829 1.2526 -0.30816 -0.30816 -0.56829 -0.30816 -0.56829 0.47224 -0.048024 -0.048024 -0.048024 -0.30816 -0.30816 -0.30816 -0.30816 -0.56829 -0.56829 -0.048024 0.9925 -0.30816 -0.56829 0.73237 -0.048024 0.9925 -0.56829 -0.56829 -0.56829 0.47224 -0.56829 -0.30816 -0.048024 -0.56829 -0.30816 0.21211 -0.56829 -0.30816 -0.56829 -0.30816 -0.30816 -0.56829 -0.56829 0.73237 -0.30816 -0.048024 -0.56829 -0.30816 -0.56829 -0.30816 -0.56829 -0.30816 -0.56829 -0.56829  0
3.8541 4.2929 0.78298 1.4411 3.4154 -0.094497 -0.53323 -0.53323 0.12487 -0.31387 -0.53323 -0.31387 0.56361 -0.31387 2.3186 -0.31387 -0.53323 -0.53323 -0.31387 -0.31387 0.56361 -0.094497 -0.53323 -0.094497 -0.31387 -0.53323 -0.53323 -0.53323 -0.53323 -0.53323 0.12487 -0.094497 -0.53323 -0.094497 0.56361 -0.53323 0.56361 -0.53323 -0.53323 -0.53323 0.12487 0.12487 -0.53323 -0.31387 -0.53323 -0.31387 -0.094497 -0.53323 -0.53323 -0.53323 0.56361 -0.094497 -0.53323 -0.094497 -0.094497 -0.31387 -0.53323 -0.53323 -0.53323 0.12487 -0.53323 -0.094497 -0.53323 -0.53323 -0.53323  0
4.635 3.7022 0.43767 1.1372 2.5363 -0.26188 -0.49507 -0.49507 0.20448 -0.26188 -0.49507 -0.49507 1.6036 -0.49507 3.0027 -0.49507 -0.26188 -0.49507 -0.26188 -0.26188 0.43767 -0.49507 -0.49507 0.20448 -0.49507 -0.49507 -0.49507 -0.49507 -0.49507 -0.49507 -0.26188 0.20448 -0.49507 -0.49507 0.20448 0.43767 0.20448 -0.26188 -0.49507 -0.49507 -0.49507 0.20448 -0.49507 -0.49507 -0.49507 -0.49507 -0.26188 -0.49507 -0.49507 -0.0287 -0.0287 -0.0287 -0.26188 -0.0287 -0.0287 -0.49507 -0.49507 -0.49507 -0.26188 -0.26188 -0.49507 -0.49507 -0.49507 -0.0287 -0.26188  0
6.0819 3.0114 -0.059047 1.86 1.2843 -0.25095 -0.25095 -0.25095 0.13286 -0.44286 -0.44286 -0.44286 0.32476 -0.25095 1.0924 -0.44286 -0.44286 -0.44286 -0.44286 -0.059047 0.32476 1.6681 -0.44286 -0.25095 -0.44286 -0.25095 -0.44286 -0.25095 -0.44286 -0.44286 0.13286 -0.25095 -0.44286 -0.25095 0.51666 -0.059047 0.32476 -0.44286 -0.44286 -0.44286 -0.25095 -0.059047 -0.44286 -0.44286 -0.44286 -0.44286 -0.44286 -0.44286 -0.44286 -0.44286 -0.25095 0.90047 -0.44286 -0.25095 0.32476 -0.25095 -0.44286 -0.44286 0.13286 -0.44286 -0.44286 -0.44286 -0.44286 -0.44286 -0.44286  0
4.1089 4.3664 1.0183 1.2759 3.5938 0.50321 -0.52698 -0.011887 0.76076 -0.26943 -0.26943 -0.011887 0.24566 -0.52698 0.50321 -0.52698 -0.52698 -0.52698 -0.26943 -0.52698 -0.011887 0.76076 -0.26943 -0.52698 -0.26943 -0.52698 -0.52698 -0.26943 -0.52698 -0.52698 -0.011887 -0.011887 -0.26943 -0.52698 0.50321 -0.52698 0.50321 -0.52698 -0.26943 -0.52698 -0.52698 -0.011887 -0.26943 -0.52698 -0.52698 -0.011887 -0.52698 -0.52698 -0.52698 -0.52698 0.24566 1.0183 -0.52698 -0.26943 -0.26943 -0.26943 -0.26943 -0.52698 -0.26943 -0.52698 -0.52698 -0.52698 -0.52698 -0.52698 -0.26943  0
4.9704 4.7549 0.65985 1.953 1.0909 0.013263 -0.41779 -0.20226 0.013263 0.013263 -0.41779 -0.20226 -0.20226 -0.41779 1.7375 -0.41779 0.013263 -0.41779 0.013263 -0.20226 -0.20226 -0.20226 0.22879 -0.41779 -0.20226 -0.41779 -0.41779 -0.20226 -0.20226 -0.41779 -0.41779 -0.41779 -0.41779 -0.41779 0.87538 -0.41779 0.65985 -0.41779 -0.41779 -0.41779 -0.41779 0.22879 -0.41779 -0.41779 -0.41779 -0.41779 -0.41779 -0.41779 -0.41779 -0.41779 -0.20226 0.013263 0.22879 -0.41779 0.013263 -0.41779 -0.41779 -0.41779 -0.41779 -0.41779 -0.41779 -0.41779 -0.41779 -0.41779 -0.41779  0
5.462 4.8093 0.56728 0.89359 1.5462 -0.41166 -0.085343 -0.2485 -0.085343 -0.085343 -0.41166 -0.2485 0.56728 -0.2485 0.56728 -0.41166 -0.41166 -0.41166 -0.41166 -0.2485 -0.41166 0.40413 -0.41166 0.077813 -0.41166 -0.41166 -0.41166 -0.41166 -0.41166 -0.41166 -0.2485 0.077813 -0.41166 -0.41166 0.40413 -0.085343 0.40413 -0.41166 -0.2485 -0.41166 0.40413 0.077813 -0.41166 -0.41166 -0.41166 0.077813 -0.41166 -0.2485 -0.085343 -0.41166 -0.41166 0.077813 -0.41166 -0.41166 -0.085343 -0.41166 -0.2485 -0.41166 -0.2485 -0.41166 -0.085343 -0.41166 -0.41166 -0.41166 -0.41166  0
3.9089 3.9089 0.13429 1.0779 2.4934 -0.10162 -0.33754 -0.10162 1.5498 -0.10162 -0.57345 -0.10162 -0.57345 -0.57345 2.7293 -0.57345 -0.57345 -0.57345 -0.57345 -0.57345 0.84203 -0.33754 -0.57345 -0.33754 -0.33754 -0.33754 -0.57345 -0.57345 -0.57345 -0.57345 0.13429 -0.10162 -0.57345 -0.57345 1.5498 -0.33754 1.0779 -0.10162 -0.57345 -0.57345 0.3702 -0.33754 0.13429 -0.57345 -0.57345 -0.57345 -0.57345 0.13429 -0.57345 -0.10162 0.13429 0.84203 -0.33754 -0.57345 0.13429 -0.57345 -0.57345 -0.57345 -0.10162 -0.10162 -0.33754 -0.57345 -0.57345 -0.57345 -0.57345  0
4.112 4.112 -0.064251 0.93011 3.5154 -0.064251 -0.46199 -0.26312 1.129 -0.064251 -0.064251 -0.46199 0.33349 -0.46199 2.7199 -0.46199 -0.26312 -0.46199 -0.46199 -0.26312 0.13462 -0.064251 -0.064251 -0.46199 -0.26312 -0.46199 -0.46199 -0.26312 -0.46199 -0.46199 -0.26312 -0.064251 -0.46199 -0.46199 0.33349 -0.46199 0.53236 -0.064251 -0.46199 -0.46199 -0.46199 0.13462 -0.46199 -0.064251 -0.46199 -0.26312 -0.46199 -0.46199 -0.46199 -0.46199 -0.26312 -0.26312 -0.26312 -0.26312 0.33349 -0.46199 -0.46199 -0.46199 -0.46199 -0.064251 -0.46199 -0.46199 -0.46199 -0.46199 -0.46199  0
3.9094 3.7115 0.34709 3.3157 3.7115 -0.048715 -0.44452 -0.048715 0.14919 -0.24662 -0.44452 -0.44452 0.14919 -0.048715 1.3366 -0.44452 -0.44452 -0.44452 -0.24662 -0.44452 0.7429 -0.44452 -0.44452 -0.44452 -0.44452 -0.44452 -0.44452 -0.44452 -0.24662 -0.44452 -0.24662 -0.44452 -0.44452 -0.44452 0.34709 -0.44452 -0.44452 -0.24662 -0.048715 -0.44452 0.34709 -0.24662 -0.048715 -0.24662 -0.24662 -0.24662 -0.44452 -0.24662 -0.24662 -0.44452 0.14919 -0.24662 -0.44452 0.14919 -0.44452 -0.24662 -0.44452 -0.44452 -0.44452 -0.44452 -0.44452 -0.24662 -0.44452 -0.44452 -0.44452  0
5.6246 2.8063 0.14453 1.2405 1.8668 -0.32519 -0.48176 -0.48176 1.3971 0.45768 -0.48176 -0.16862 -0.32519 -0.32519 2.8063 -0.48176 -0.48176 -0.48176 -0.48176 -0.48176 0.45768 -0.012044 -0.16862 -0.32519 -0.32519 -0.48176 -0.48176 -0.48176 -0.48176 -0.48176 -0.48176 0.3011 -0.32519 -0.32519 0.61425 -0.16862 -0.32519 -0.16862 -0.48176 -0.48176 0.45768 -0.32519 -0.32519 0.61425 -0.48176 -0.48176 -0.16862 -0.32519 -0.48176 -0.012044 -0.16862 -0.48176 -0.48176 -0.16862 0.14453 -0.48176 -0.48176 -0.48176 -0.16862 -0.48176 -0.48176 -0.012044 -0.48176 -0.48176 -0.48176  1
3.8656 4.4239 0.14317 2.5627 2.0044 -0.22907 -0.60131 -0.41519 1.0738 -0.22907 -0.60131 -0.60131 -0.22907 -0.41519 2.1905 -0.60131 -0.042951 -0.60131 -0.60131 -0.41519 0.32929 1.446 -0.60131 -0.22907 -0.41519 -0.60131 -0.60131 -0.60131 -0.41519 -0.60131 -0.41519 0.51541 -0.60131 -0.41519 -0.22907 -0.41519 -0.042951 -0.042951 -0.60131 -0.41519 -0.042951 -0.22907 -0.41519 0.51541 -0.22907 -0.042951 -0.22907 -0.60131 -0.22907 -0.60131 -0.042951 0.14317 -0.41519 -0.22907 0.32929 -0.60131 -0.60131 -0.60131 0.14317 0.32929 -0.41519 -0.22907 -0.60131 -0.60131 -0.22907  1
3.4342 3.4342 -0.25925 2.28 1.5875 0.66412 -0.72094 -0.72094 2.28 -0.25925 -0.72094 -0.25925 -0.25925 -0.4901 2.5109 -0.72094 -0.72094 -0.72094 -0.72094 -0.028411 0.43327 0.43327 -0.72094 -0.25925 -0.72094 -0.4901 -0.72094 -0.4901 -0.4901 -0.72094 -0.4901 -0.028411 -0.4901 -0.72094 1.1258 -0.25925 -0.028411 -0.4901 -0.72094 -0.72094 -0.028411 -0.028411 -0.72094 1.3566 -0.72094 1.1258 0.43327 -0.72094 0.20243 -0.4901 0.20243 0.20243 0.20243 -0.4901 1.1258 -0.72094 -0.72094 -0.4901 -0.25925 -0.028411 -0.25925 -0.028411 -0.72094 -0.72094 -0.72094  1
4.2912 3.7489 0.13349 2.4835 0.6758 0.6758 -0.40881 -0.22805 1.0373 0.13349 -0.58958 -0.22805 -0.22805 -0.58958 2.3027 -0.58958 -0.58958 -0.58958 -0.58958 -0.22805 0.49503 1.3989 -0.40881 -0.58958 -0.58958 -0.58958 -0.58958 -0.58958 -0.58958 -0.58958 -0.22805 1.3989 -0.047278 -0.58958 0.13349 -0.40881 -0.58958 -0.047278 -0.58958 -0.58958 -0.40881 -0.22805 -0.58958 1.0373 -0.22805 -0.047278 1.2181 -0.40881 -0.40881 -0.58958 -0.58958 -0.22805 -0.58958 -0.40881 -0.40881 -0.58958 -0.58958 -0.58958 -0.22805 -0.58958 0.13349 0.31426 -0.40881 -0.40881 -0.58958  1
4.048 3.4598 0.12669 1.6952 2.0873 -0.26544 -0.65757 -0.46151 2.0873 -0.26544 -0.46151 -0.65757 -0.46151 -0.65757 2.0873 -0.65757 -0.46151 -0.65757 -0.65757 -0.26544 1.3031 -0.069377 -0.069377 -0.65757 -0.65757 -0.46151 -0.65757 -0.65757 -0.46151 -0.65757 -0.069377 -0.069377 -0.26544 -0.65757 0.71488 -0.26544 -0.46151 -0.26544 -0.65757 -0.65757 0.32275 0.32275 -0.46151 0.51882 0.12669 0.12669 2.0873 -0.65757 -0.069377 -0.46151 -0.069377 -0.46151 -0.069377 -0.26544 0.71488 -0.46151 -0.65757 -0.65757 -0.26544 -0.65757 -0.069377 -0.26544 -0.65757 -0.65757 -0.65757  1
4.7709 2.0223 -0.40296 3.154 1.6989 -0.40296 -0.56464 -0.24128 0.8905 -0.079597 -0.56464 -0.40296 -0.56464 -0.40296 3.3157 -0.56464 -0.40296 -0.56464 -0.56464 -0.56464 0.24377 0.24377 -0.56464 -0.40296 -0.56464 -0.56464 -0.56464 -0.56464 -0.56464 -0.40296 0.082085 0.24377 -0.56464 -0.56464 0.40545 1.3755 -0.079597 0.082085 -0.56464 -0.56464 0.082085 0.082085 -0.40296 -0.24128 -0.56464 0.24377 -0.079597 -0.56464 0.082085 -0.24128 -0.40296 -0.40296 -0.24128 -0.24128 0.56713 -0.40296 -0.56464 -0.56464 0.24377 -0.24128 -0.079597 -0.56464 -0.56464 -0.079597 -0.56464  1
2.8463 4.5436 -0.17118 1.9033 0.96036 0.017408 -0.54836 -0.35977 2.0919 -0.35977 -0.54836 -0.54836 -0.54836 -0.17118 3.6006 -0.54836 -0.17118 -0.54836 0.017408 -0.54836 0.206 0.017408 -0.35977 -0.54836 -0.54836 -0.54836 -0.54836 -0.54836 -0.54836 -0.54836 -0.35977 1.3375 -0.54836 -0.54836 0.77177 0.017408 0.39459 -0.17118 -0.54836 -0.54836 0.017408 -0.17118 -0.54836 -0.35977 -0.54836 0.206 0.58318 -0.54836 0.017408 -0.54836 -0.54836 -0.35977 -0.54836 -0.35977 0.206 -0.35977 -0.54836 -0.54836 -0.54836 0.39459 -0.35977 0.206 -0.54836 -0.35977 -0.54836  1
4.9425 1.8919 -0.20533 2.0826 3.2265 0.55731 -0.39598 -0.58664 1.1293 -0.20533 -0.58664 -0.20533 -0.39598 -0.20533 2.0826 -0.58664 -0.39598 -0.58664 -0.58664 -0.58664 0.36665 0.36665 -0.39598 -0.39598 -0.39598 -0.58664 -0.58664 -0.58664 -0.20533 -0.58664 -0.39598 0.36665 -0.58664 -0.20533 -0.014666 -0.014666 -0.014666 0.17599 -0.58664 -0.58664 -0.014666 -0.39598 -0.39598 -0.014666 -0.39598 0.36665 -0.58664 -0.39598 2.0826 -0.39598 -0.58664 -0.014666 -0.20533 -0.39598 0.55731 -0.58664 -0.58664 -0.58664 -0.58664 -0.58664 -0.20533 -0.014666 -0.58664 -0.39598 -0.58664  1
5.4768 3.9284 0.36687 0.67656 1.1411 0.057174 -0.56222 -0.56222 0.67656 -0.25252 -0.56222 -0.56222 -0.40737 -0.25252 2.0702 -0.56222 -0.097673 -0.40737 -0.56222 -0.56222 0.67656 0.52172 -0.56222 -0.56222 -0.56222 -0.56222 -0.56222 -0.56222 -0.56222 -0.56222 0.21202 -0.097673 0.057174 -0.56222 0.36687 0.21202 0.057174 -0.25252 -0.56222 -0.40737 -0.25252 -0.097673 -0.40737 0.52172 -0.40737 -0.25252 1.1411 -0.56222 -0.097673 -0.56222 0.21202 -0.40737 -0.097673 -0.40737 0.21202 -0.56222 -0.56222 -0.56222 0.21202 -0.40737 -0.40737 -0.25252 0.057174 -0.25252 -0.56222  1
4.0558 4.0558 -0.035971 0.74341 2.1073 -0.035971 -0.62051 -0.62051 1.3279 -0.035971 -0.62051 -0.42566 -0.23082 -0.62051 1.9125 -0.62051 -0.42566 -0.62051 -0.42566 -0.62051 0.93825 1.3279 -0.42566 -0.62051 -0.62051 -0.62051 -0.62051 -0.62051 -0.42566 -0.62051 -0.035971 1.5228 -0.42566 -0.62051 1.3279 0.54856 -0.035971 -0.62051 -0.62051 -0.62051 0.74341 0.15887 -0.62051 -0.035971 -0.42566 0.15887 0.15887 -0.62051 -0.23082 -0.23082 -0.23082 -0.62051 -0.62051 -0.62051 0.93825 -0.42566 -0.62051 -0.62051 -0.23082 -0.42566 -0.23082 -0.62051 -0.035971 -0.42566 -0.62051  1
3.2786 3.2786 0.2841 1.7814 1.0327 1.0327 -0.71408 -0.71408 3.2786 -0.46453 0.034552 -0.46453 -0.71408 -0.46453 2.53 -0.71408 -0.46453 -0.71408 -0.71408 -0.46453 1.0327 0.78318 -0.71408 -0.21499 -0.71408 -0.71408 -0.71408 -0.71408 -0.71408 -0.71408 0.53364 0.78318 -0.71408 -0.46453 0.2841 0.2841 -0.46453 -0.46453 -0.71408 -0.71408 0.2841 0.2841 -0.71408 0.034552 -0.71408 1.5318 0.53364 -0.21499 -0.46453 0.034552 -0.21499 -0.46453 -0.46453 -0.46453 0.034552 -0.46453 -0.71408 -0.71408 -0.46453 -0.46453 0.2841 0.034552 -0.46453 -0.21499 -0.71408  1
5.1027 1.9343 -0.23345 0.43356 2.9349 -0.40021 -0.56696 -0.56696 0.43356 -0.40021 -0.56696 -0.56696 -0.40021 0.26681 0.93382 -0.56696 -0.40021 -0.56696 -0.56696 -0.066701 0.10005 1.2673 -0.56696 -0.40021 -0.40021 -0.23345 -0.56696 -0.56696 -0.40021 -0.40021 0.60031 3.2684 -0.40021 -0.56696 0.43356 -0.56696 -0.23345 -0.40021 -0.56696 -0.56696 -0.40021 -0.066701 -0.56696 -0.23345 -0.066701 -0.066701 0.76707 -0.56696 -0.23345 0.43356 -0.40021 -0.066701 0.26681 0.76707 0.26681 -0.56696 -0.56696 -0.56696 -0.40021 -0.56696 -0.56696 -0.066701 -0.40021 -0.56696 -0.56696  1
4.8129 3.1344 0.19691 0.40673 1.8755 -0.22273 -0.64237 -0.64237 1.8755 -0.22273 -0.22273 -0.64237 -0.64237 -0.22273 2.2951 -0.64237 -0.012912 -0.64237 -0.64237 -0.22273 0.40673 0.82636 -0.012912 -0.64237 -0.64237 -0.43255 -0.64237 -0.64237 -0.64237 -0.64237 0.40673 1.246 -0.64237 -0.43255 -0.012912 -0.43255 -0.64237 -0.43255 -0.64237 -0.64237 -0.012912 -0.012912 -0.64237 1.246 -0.43255 0.19691 -0.22273 -0.64237 -0.64237 -0.43255 0.40673 -0.22273 -0.64237 0.82636 1.0362 -0.43255 -0.64237 -0.64237 -0.43255 -0.012912 -0.22273 0.40673 -0.22273 -0.64237 -0.64237  1
4.2557 4.4507 0.54922 1.5246 0.93937 -0.23109 -0.62124 -0.23109 1.7197 -0.62124 -0.62124 -0.42617 -0.62124 -0.42617 1.9148 -0.62124 -0.23109 -0.62124 -0.62124 -0.42617 0.35414 0.54922 -0.62124 -0.62124 -0.62124 -0.62124 -0.62124 -0.62124 -0.42617 -0.62124 -0.036014 1.1344 -0.42617 -0.62124 0.74429 -0.62124 -0.036014 -0.42617 -0.62124 -0.62124 0.35414 -0.23109 -0.62124 0.74429 -0.23109 0.15906 0.15906 -0.42617 0.35414 -0.42617 -0.036014 0.15906 -0.23109 0.15906 1.1344 -0.23109 -0.62124 -0.62124 -0.23109 -0.42617 -0.42617 -0.42617 -0.62124 -0.62124 -0.42617  1
5.4829 4.2049 0.0056178 1.4662 1.2837 0.0056178 -0.54211 -0.35954 0.37077 -0.35954 -0.54211 -0.54211 -0.35954 0.37077 1.4662 -0.54211 -0.35954 -0.54211 -0.54211 -0.54211 0.18819 0.37077 -0.35954 -0.54211 -0.17696 -0.35954 -0.35954 -0.54211 -0.17696 -0.54211 -0.35954 0.18819 -0.54211 -0.54211 0.0056178 0.18819 0.55335 -0.35954 -0.54211 -0.54211 0.0056178 0.0056178 -0.35954 0.18819 -0.54211 0.18819 -0.35954 -0.54211 0.0056178 -0.54211 0.0056178 0.0056178 -0.35954 -0.17696 1.1011 -0.35954 -0.54211 -0.54211 -0.17696 -0.35954 -0.17696 -0.17696 -0.54211 -0.17696 -0.54211  1
5.5788 3.0366 0.31288 1.584 1.0392 -0.050285 -0.59503 0.1313 1.7655 -0.59503 -0.23187 -0.59503 -0.41345 -0.59503 1.7655 -0.59503 -0.59503 -0.59503 -0.59503 -0.59503 -0.050285 0.31288 -0.59503 -0.59503 -0.59503 -0.41345 -0.59503 -0.59503 -0.41345 -0.59503 0.31288 1.0392 -0.59503 -0.23187 0.67605 -0.050285 -0.41345 -0.23187 -0.59503 -0.59503 0.31288 0.1313 -0.59503 0.1313 -0.59503 0.67605 0.67605 -0.59503 0.49446 -0.41345 0.1313 -0.050285 -0.59503 -0.050285 -0.23187 -0.23187 -0.59503 -0.59503 -0.050285 -0.23187 -0.59503 -0.23187 -0.23187 -0.41345 -0.59503  1
3.9431 3.2842 0.20949 2.4057 0.20949 -0.010136 -0.669 -0.669 2.1861 -0.669 -0.44938 -0.22976 -0.669 -0.669 1.7468 -0.669 -0.22976 -0.669 -0.669 -0.669 1.088 0.64873 -0.44938 -0.44938 -0.44938 -0.669 -0.669 -0.669 -0.44938 -0.669 0.42911 0.20949 -0.44938 -0.44938 2.1861 -0.22976 -0.669 -0.44938 -0.669 -0.44938 1.088 0.20949 -0.44938 0.64873 -0.669 -0.44938 0.42911 -0.669 0.64873 -0.44938 0.42911 -0.22976 0.20949 -0.669 0.86835 -0.44938 -0.669 -0.669 -0.669 0.20949 -0.669 0.20949 -0.669 -0.669 -0.669  1
2.9896 3.3213 -0.16071 0.83414 0.33672 0.17091 -0.49232 -0.49232 0.66833 -0.16071 -0.49232 -0.49232 -0.49232 -0.32651 0.83414 -0.49232 -0.32651 -0.49232 -0.49232 -0.32651 0.50252 -0.16071 -0.32651 -0.32651 -0.49232 -0.32651 -0.49232 -0.49232 -0.32651 -0.49232 -0.16071 5.6426 -0.32651 -0.49232 0.99995 -0.49232 0.17091 -0.32651 -0.32651 -0.49232 0.33672 0.0051018 -0.32651 0.17091 -0.49232 -0.16071 0.50252 -0.49232 -0.32651 -0.32651 0.33672 -0.49232 -0.16071 -0.49232 0.66833 -0.49232 -0.49232 -0.49232 0.0051018 -0.16071 -0.49232 -0.32651 -0.49232 -0.49232 -0.49232  1
4.4371 2.7581 0.14637 1.6388 1.8253 -0.040181 -0.59984 -0.41329 2.0119 -0.41329 -0.59984 -0.59984 -0.41329 -0.41329 3.1312 -0.59984 -0.040181 -0.59984 -0.59984 -0.41329 -0.22673 0.89258 -0.22673 -0.59984 -0.41329 -0.59984 -0.59984 -0.59984 -0.59984 -0.59984 0.14637 1.8253 -0.59984 -0.59984 0.89258 -0.41329 -0.22673 -0.41329 -0.59984 -0.59984 -0.040181 -0.22673 -0.41329 0.14637 -0.59984 0.89258 -0.040181 -0.59984 -0.040181 -0.22673 -0.22673 -0.41329 -0.040181 -0.22673 0.51948 -0.41329 -0.59984 -0.59984 -0.41329 -0.41329 -0.41329 -0.22673 -0.59984 -0.59984 -0.22673  1
4.5595 2.8415 0.43613 1.9824 2.326 -0.079296 -0.42291 -0.59472 1.467 -0.2511 -0.42291 -0.59472 -0.2511 0.43613 1.1234 -0.59472 -0.59472 -0.59472 -0.59472 -0.59472 -0.079296 0.77975 -0.59472 -0.2511 -0.2511 -0.59472 -0.59472 -0.59472 -0.42291 -0.59472 -0.2511 3.1851 -0.42291 -0.42291 -0.079296 -0.079296 -0.079296 -0.2511 -0.59472 -0.42291 0.26432 0.43613 -0.2511 -0.2511 -0.59472 -0.2511 0.43613 -0.59472 -0.42291 -0.59472 -0.59472 0.43613 -0.42291 -0.59472 0.092512 -0.2511 -0.59472 -0.59472 0.092512 -0.42291 -0.42291 -0.079296 -0.59472 -0.59472 -0.59472  1
5.5422 3.0759 -0.048061 0.77403 1.1029 -0.048061 -0.54132 -0.54132 1.925 -0.54132 -0.54132 -0.54132 -0.3769 0.11636 1.1029 -0.54132 -0.54132 -0.54132 -0.54132 0.11636 0.28078 1.1029 -0.3769 -0.048061 -0.3769 -0.54132 -0.54132 -0.54132 -0.3769 -0.54132 -0.21248 2.4182 -0.54132 -0.54132 0.11636 -0.048061 -0.048061 -0.3769 -0.54132 -0.54132 0.44519 -0.21248 -0.54132 -0.048061 -0.54132 0.11636 0.28078 -0.54132 0.28078 -0.54132 -0.21248 -0.21248 -0.3769 -0.21248 0.28078 0.11636 -0.54132 -0.54132 -0.048061 -0.54132 -0.54132 -0.3769 -0.54132 -0.54132 -0.54132  1
1.9537 3.862 0.56581 2.3006 1.6067 0.21885 -0.64855 -0.64855 2.1271 -0.30159 -0.64855 -0.47507 -0.30159 0.045372 3.168 -0.64855 0.045372 -0.64855 -0.64855 -0.64855 0.39233 0.91278 -0.47507 -0.64855 -0.64855 -0.12811 -0.64855 -0.64855 -0.30159 -0.64855 -0.47507 2.1271 -0.30159 -0.30159 1.2597 0.045372 -0.47507 0.045372 -0.64855 -0.64855 -0.12811 -0.30159 -0.47507 -0.12811 -0.47507 -0.47507 1.4332 -0.64855 0.39233 -0.64855 -0.12811 -0.64855 -0.64855 -0.47507 0.39233 -0.64855 -0.64855 -0.64855 -0.12811 -0.47507 -0.64855 -0.12811 -0.47507 -0.64855 -0.64855  1
2.9485 3.8293 0.13008 0.48239 1.8916 0.30623 -0.57453 -0.57453 2.0678 -0.04607 -0.39837 -0.57453 -0.22222 -0.57453 3.3008 -0.57453 -0.22222 -0.57453 -0.57453 -0.57453 0.13008 0.30623 -0.39837 -0.39837 -0.57453 -0.57453 -0.57453 -0.39837 -0.57453 -0.57453 -0.39837 3.1247 -0.57453 -0.57453 -0.04607 -0.04607 -0.22222 -0.22222 -0.57453 -0.57453 0.30623 -0.04607 -0.57453 0.13008 -0.57453 0.48239 0.48239 -0.57453 0.65854 -0.57453 -0.57453 -0.39837 -0.57453 -0.22222 0.13008 -0.57453 -0.57453 -0.57453 -0.22222 -0.39837 -0.39837 -0.04607 -0.39837 -0.04607 -0.57453  1
2.1296 4.5405 -0.080362 1.1251 1.7278 0.12054 -0.68308 -0.48217 1.9287 -0.68308 0.12054 -0.68308 -0.28127 0.12054 3.5359 -0.68308 -0.68308 -0.48217 -0.68308 -0.48217 0.32145 0.72326 -0.68308 -0.68308 -0.28127 -0.48217 -0.68308 -0.48217 -0.28127 -0.68308 -0.28127 1.9287 -0.68308 -0.68308 0.92417 0.32145 -0.28127 -0.48217 -0.68308 -0.68308 -0.080362 -0.080362 -0.68308 0.32145 -0.28127 0.32145 -0.080362 -0.48217 -0.080362 -0.080362 -0.48217 0.32145 -0.68308 0.32145 -0.080362 -0.28127 -0.48217 -0.68308 -0.68308 -0.48217 -0.080362 0.52236 -0.68308 -0.28127 -0.68308  1
3.5156 3.5156 0.28272 0.45287 2.3246 -0.22774 -0.56805 -0.56805 1.3036 -0.3979 -0.22774 -0.56805 -0.3979 -0.22774 2.4947 -0.56805 -0.22774 -0.56805 -0.56805 -0.05759 -0.05759 -0.05759 -0.3979 -0.56805 -0.56805 -0.56805 -0.56805 -0.56805 -0.3979 -0.56805 -0.05759 3.3455 -0.56805 -0.3979 -0.05759 -0.22774 -0.22774 -0.05759 -0.56805 -0.56805 0.79317 0.11256 -0.05759 -0.05759 -0.3979 0.11256 1.9842 -0.56805 -0.05759 -0.3979 -0.3979 -0.56805 -0.56805 -0.22774 0.11256 -0.3979 -0.56805 -0.56805 -0.3979 -0.3979 -0.3979 -0.56805 -0.3979 -0.56805 -0.56805  1
4.9746 4.2142 0.22226 1.5529 2.1232 0.22226 -0.34801 -0.53811 0.79254 0.22226 -0.15792 -0.53811 -0.53811 -0.34801 1.1727 -0.53811 -0.34801 -0.53811 -0.53811 -0.34801 0.41235 0.41235 -0.15792 -0.34801 -0.34801 -0.53811 -0.53811 -0.53811 -0.53811 -0.53811 -0.15792 0.79254 -0.53811 -0.53811 0.98263 -0.34801 0.032169 0.032169 -0.53811 -0.53811 0.60245 0.22226 -0.53811 0.22226 -0.53811 -0.15792 -0.15792 -0.53811 0.22226 -0.53811 -0.53811 -0.34801 -0.53811 -0.15792 0.032169 -0.53811 -0.53811 -0.53811 -0.53811 -0.53811 -0.53811 0.41235 -0.53811 -0.53811 -0.53811  1
1.7958 4.2461 -0.20905 1.7958 1.1275 2.0185 -0.65457 -0.43181 1.3503 -0.65457 -0.65457 -0.65457 -0.20905 -0.43181 1.7958 -0.65457 -0.43181 -0.65457 -0.65457 -0.43181 0.23647 0.23647 -0.43181 -0.65457 0.013708 -0.65457 -0.65457 -0.65457 -0.65457 -0.65457 -0.65457 3.3551 -0.65457 0.23647 0.013708 -0.65457 0.90475 0.23647 -0.65457 -0.65457 0.23647 1.1275 -0.65457 -0.43181 -0.65457 0.68199 0.23647 -0.43181 0.68199 0.23647 -0.43181 0.45923 -0.43181 -0.20905 0.45923 -0.65457 -0.43181 -0.65457 -0.65457 -0.65457 -0.65457 -0.20905 -0.65457 -0.65457 -0.65457  1
4.422 5.1063 -0.19741 0.31585 1.6846 0.14477 -0.3685 -0.53958 1.3424 -0.53958 -0.3685 -0.53958 -0.19741 -0.53958 1.3424 -0.53958 -0.026321 -0.53958 -0.53958 -0.3685 0.14477 0.48694 -0.19741 -0.3685 -0.3685 -0.53958 -0.53958 -0.53958 -0.53958 -0.53958 -0.026321 1.3424 -0.53958 -0.53958 0.14477 -0.53958 0.65803 -0.026321 -0.53958 -0.53958 -0.3685 0.14477 -0.53958 0.31585 -0.53958 0.48694 0.14477 -0.53958 -0.3685 -0.19741 -0.19741 -0.19741 -0.19741 0.14477 0.31585 -0.3685 -0.3685 -0.53958 -0.19741 -0.53958 -0.3685 -0.026321 -0.3685 -0.53958 -0.53958  1
